{
 "cells": [
  {
   "cell_type": "code",
   "execution_count": 2,
   "metadata": {},
   "outputs": [],
   "source": [
    "using LinearAlgebra"
   ]
  },
  {
   "cell_type": "code",
   "execution_count": 3,
   "metadata": {},
   "outputs": [
    {
     "data": {
      "text/plain": [
       "5×5 Matrix{Float64}:\n",
       "  0.00165095    0.000351712   0.00197553  -0.000356035  -0.000815235\n",
       "  0.000351712   0.00558272   -0.0349394    0.0085134     0.00475333\n",
       "  0.00197553   -0.0349394     0.254577    -0.0618865    -0.0332889\n",
       " -0.000356035   0.0085134    -0.0618865    0.015224      0.00790242\n",
       " -0.000815235   0.00475333   -0.0332889    0.00790242    0.00494941"
      ]
     },
     "metadata": {},
     "output_type": "display_data"
    }
   ],
   "source": [
    "Σ = [ 0.00165095    0.000351712   0.00197553  -0.000356035  -0.000815235\n",
    "0.000351712   0.00558272   -0.0349394    0.0085134     0.00475333\n",
    "0.00197553   -0.0349394     0.254577    -0.0618865    -0.0332889\n",
    "-0.000356035   0.0085134    -0.0618865    0.015224      0.00790242\n",
    "-0.000815235   0.00475333   -0.0332889    0.00790242    0.00494941]"
   ]
  },
  {
   "cell_type": "code",
   "execution_count": 6,
   "metadata": {},
   "outputs": [
    {
     "data": {
      "text/plain": [
       "SVD{Float64, Float64, Matrix{Float64}, Vector{Float64}}\n",
       "U factor:\n",
       "5×5 Matrix{Float64}:\n",
       " -0.00731013  -0.87654     0.0591337   0.327146   0.347999\n",
       "  0.131592    -0.370535   -0.704313   -0.392129  -0.442228\n",
       " -0.9555      -0.0258739  -0.132918   -0.219296   0.143498\n",
       "  0.232348    -0.0828627   0.210774   -0.796933   0.509529\n",
       "  0.125154     0.294696   -0.662082    0.236681   0.634917\n",
       "singular values:\n",
       "5-element Vector{Float64}:\n",
       " 0.27881315667343937\n",
       " 0.0020983691701973606\n",
       " 0.0008799847999534388\n",
       " 0.00018262605673789723\n",
       " 9.943299672028111e-6\n",
       "Vt factor:\n",
       "5×5 Matrix{Float64}:\n",
       " -0.00731013   0.131592  -0.9555      0.232348    0.125154\n",
       " -0.87654     -0.370535  -0.0258739  -0.0828627   0.294696\n",
       "  0.0591337   -0.704313  -0.132918    0.210774   -0.662082\n",
       "  0.327146    -0.392129  -0.219296   -0.796933    0.236681\n",
       "  0.347999    -0.442228   0.143498    0.509529    0.634917"
      ]
     },
     "metadata": {},
     "output_type": "display_data"
    }
   ],
   "source": [
    "s = svd(Σ)"
   ]
  },
  {
   "cell_type": "code",
   "execution_count": 4,
   "metadata": {},
   "outputs": [
    {
     "data": {
      "text/plain": [
       "Eigen{Float64, Float64, Matrix{Float64}, Vector{Float64}}\n",
       "values:\n",
       "5-element Vector{Float64}:\n",
       " 9.943299672024859e-6\n",
       " 0.00018262605673788866\n",
       " 0.0008799847999534426\n",
       " 0.0020983691701973524\n",
       " 0.2788131566734393\n",
       "vectors:\n",
       "5×5 Matrix{Float64}:\n",
       "  0.347999   0.327146  -0.0591337  -0.87654     0.00731013\n",
       " -0.442228  -0.392129   0.704313   -0.370535   -0.131592\n",
       "  0.143498  -0.219296   0.132918   -0.0258739   0.9555\n",
       "  0.509529  -0.796933  -0.210774   -0.0828627  -0.232348\n",
       "  0.634917   0.236681   0.662082    0.294696   -0.125154"
      ]
     },
     "metadata": {},
     "output_type": "display_data"
    }
   ],
   "source": [
    "e = eigen(Σ)"
   ]
  }
 ],
 "metadata": {
  "kernelspec": {
   "display_name": "Julia 1.8.5",
   "language": "julia",
   "name": "julia-1.8"
  },
  "language_info": {
   "file_extension": ".jl",
   "mimetype": "application/julia",
   "name": "julia",
   "version": "1.8.5"
  },
  "orig_nbformat": 4
 },
 "nbformat": 4,
 "nbformat_minor": 2
}
